1
50 184 50000
0 4
0 5
0 37
1 34
1 4
1 5
1 6
1 38
1 41
1 11
1 12
1 13
1 15
1 17
1 19
1 21
1 24
1 27
1 37
2 33
2 43
2 4
2 38
2 6
2 8
2 9
2 11
2 44
2 13
2 46
2 45
2 20
2 24
2 36
2 47
2 28
2 30
3 48
3 4
3 5
3 7
3 42
3 43
3 44
3 16
4 32
4 5
4 6
4 7
4 8
4 9
4 12
4 34
4 47
4 16
4 17
4 18
4 33
4 25
4 26
4 49
4 36
5 6
5 7
5 8
5 9
5 10
5 12
5 13
5 14
5 15
5 16
5 18
5 22
5 23
5 29
5 30
5 31
5 34
5 43
5 46
6 43
6 7
6 8
6 10
6 39
6 14
6 15
6 19
6 21
6 47
7 32
7 14
7 23
8 9
8 10
8 11
8 48
8 17
8 26
9 32
9 35
9 38
9 41
9 10
9 11
9 15
9 20
9 25
9 27
9 30
9 36
10 32
10 49
10 12
10 48
10 17
10 21
10 22
10 25
10 29
11 13
11 19
11 22
11 25
11 28
12 39
12 40
12 14
12 18
12 22
12 27
12 42
13 35
13 33
13 46
13 16
13 24
13 26
13 28
14 20
14 23
16 35
16 49
16 18
16 19
16 20
16 37
16 29
16 30
16 31
17 45
18 47
18 21
18 36
18 26
19 41
19 29
20 44
21 46
21 23
23 39
23 48
23 24
23 27
24 33
24 40
24 31
25 34
26 41
26 40
26 28
27 44
27 31
29 39
30 45
32 37
33 38
34 35
34 42
35 45
37 40
38 42
48 49
5
5
5
5
5
5
5
5
5
5
5
5
5
5
5
5
5
5
5
5
5
5
5
5
5
5
5
5
5
5
5
5
5
5
5
5
5
5
5
5
5
5
5
5
5
5
5
5
5
5
